"Date", "Time", "O", "H", "L", "C", "U"
20220613,211000,1451.5000000,1453.5,1451.5,1453.5,5
20220613,213000,1454.0000000,1454,1454,1454,8
20220613,214000,1453.5000000,1458,1453.5,1458,24
20220613,215000,1455.0000000,1456,1454.5,1455.5,15
20220613,220000,1455.0000000,1455,1453.5,1453.5,14
20220613,221000,1452.5000000,1452.5,1452,1452,3
20220613,222000,1453.0000000,1453,1451,1451,28
20220613,223000,1452.0000000,1452,1450,1450,17
20220613,224000,1450.0000000,1451,1449,1450.5,9
20220613,225000,1450.0000000,1450,1446.5,1446.5,21
20220613,230000,1447.0000000,1449,1446.5,1449,20
20220613,231000,1447.5000000,1447.5,1446.5,1447,18
20220613,232000,1447.5000000,1449.5,1447.5,1449.5,18
20220613,233000,1449.5000000,1450,1448,1450,22
20220614,085000,1450.0000000,1455.5,1449.5,1451,222
20220614,090000,1451.0000000,1455,1451,1452.5,195
20220614,091000,1453.0000000,1455.5,1450,1455,607
20220614,092000,1454.5000000,1457,1453,1455.5,665
20220614,093000,1455.5000000,1460,1454.5,1459,382
20220614,094000,1459.5000000,1462.5,1459,1461,551
20220614,095000,1461.5000000,1464,1461,1462.5,314
20220614,100000,1463.0000000,1463,1460,1461,207
20220614,101000,1461.0000000,1462,1458,1462,369
20220614,102000,1462.5000000,1463.5,1462,1463,197
20220614,103000,1463.0000000,1465,1462.5,1464.5,219
20220614,104000,1464.5000000,1468,1464.5,1465.5,350
20220614,105000,1465.0000000,1469.5,1465,1469,237
20220614,110000,1468.5000000,1469.5,1468,1468.5,149
20220614,111000,1468.0000000,1469,1468,1468.5,126
20220614,112000,1468.5000000,1469,1466.5,1468,403
20220614,113000,1468.5000000,1468.5,1466,1466,147
20220614,114000,1466.5000000,1467,1465,1465.5,299
20220614,115000,1465.5000000,1465.5,1463.5,1464,187
20220614,120000,1464.0000000,1465.5,1463.5,1465.5,155
20220614,121000,1466.0000000,1468,1464.5,1467,140
20220614,122000,1467.5000000,1468,1466.5,1466.5,118
20220614,123000,1467.0000000,1467,1466,1466.5,101
20220614,124000,1466.0000000,1466.5,1464,1465,71
20220614,125000,1464.5000000,1465.5,1464.5,1465,47
20220614,144000,1467.5000000,1469,1466.5,1468.5,248
20220614,145000,1468.0000000,1472,1467.5,1472,259
20220614,150000,1472.0000000,1473,1471,1473,196
20220614,151000,1473.0000000,1475,1473,1474.5,155
20220614,152000,1475.0000000,1476,1473.5,1474.5,261
20220614,153000,1475.0000000,1475,1472.5,1472.5,171
20220614,154000,1473.0000000,1473.5,1472.5,1473.5,198
20220614,155000,1473.0000000,1474,1472,1472.5,195
20220614,160000,1472.5000000,1476,1472.5,1476,249
20220614,161000,1475.5000000,1478,1475,1477.5,417
20220614,162000,1477.5000000,1479,1477.5,1477.5,200
20220614,163000,1477.5000000,1477.5,1474,1474,180
20220614,164000,1474.0000000,1476.5,1472.5,1476.5,277
20220614,165000,1476.0000000,1478,1474.5,1477,259
20220614,170000,1476.5000000,1477,1473.5,1474.5,295
20220614,171000,1474.5000000,1474.5,1473,1473.5,180
20220614,172000,1473.0000000,1473.5,1473,1473.5,96
20220614,211000,1472.0000000,1472,1471.5,1471.5,6
20220614,212000,1471.0000000,1472.5,1471,1472.5,7
20220614,213000,1473.0000000,1473,1472,1472,7
20220614,214000,1472.0000000,1472,1470.5,1470.5,11
20220614,215000,1470.5000000,1470.5,1470,1470.5,14
20220614,220000,1470.0000000,1470.5,1469.5,1470.5,20
20220614,221000,1471.0000000,1472,1471,1471,15
20220614,222000,1471.0000000,1471,1470,1470,13
20220614,223000,1470.0000000,1470,1470,1470,5
20220614,224000,1470.0000000,1470.5,1470,1470.5,8
20220614,225000,1470.0000000,1470,1469,1469.5,18
20220614,230000,1470.0000000,1470.5,1470,1470,16
20220614,232000,1469.5000000,1469.5,1469.5,1469.5,4
20220614,233000,1469.5000000,1469.5,1469,1469.5,5
20220615,085000,1468.0000000,1473,1468,1472,167
20220615,090000,1472.5000000,1473.5,1469,1470,268
20220615,091000,1469.5000000,1469.5,1464.5,1466.5,572
20220615,092000,1466.5000000,1467,1455,1459,863
20220615,093000,1459.5000000,1461,1458.5,1459.5,445
20220615,094000,1459.0000000,1462.5,1457.5,1461,333
20220615,095000,1461.0000000,1462,1460.5,1461.5,122
20220615,100000,1461.5000000,1461.5,1457,1458,207
20220615,101000,1458.0000000,1458.5,1455.5,1456,274
20220615,102000,1456.0000000,1456,1452.5,1454,605
20220615,103000,1453.5000000,1455,1451.5,1453,322
20220615,104000,1453.5000000,1455.5,1453.5,1454.5,145
20220615,105000,1454.5000000,1455.5,1454.5,1455,94
20220615,110000,1455.0000000,1457.5,1454.5,1456,154
20220615,111000,1455.5000000,1455.5,1454.5,1455,67
20220615,112000,1455.0000000,1456.5,1454.5,1455,191
20220615,113000,1455.0000000,1455,1453,1453,217
20220615,114000,1453.5000000,1454.5,1453,1454,138
20220615,115000,1453.5000000,1454,1453,1453,130
20220615,120000,1454.0000000,1454,1453.5,1453.5,84
20220615,121000,1453.5000000,1454.5,1453.5,1454,97
20220615,122000,1454.0000000,1454.5,1453.5,1453.5,106
20220615,123000,1454.0000000,1455.5,1454,1455.5,124
20220615,124000,1455.0000000,1455,1453.5,1454,44
20220615,125000,1454.0000000,1454,1453,1453,66
20220615,144000,1455.0000000,1458,1455,1457.5,262
20220615,145000,1457.5000000,1458,1452.5,1453,351
20220615,150000,1453.0000000,1455,1452,1452.5,293
20220615,151000,1453.0000000,1453.5,1450.5,1450.5,326
20220615,152000,1450.5000000,1451,1449,1450.5,403
20220615,153000,1450.5000000,1453,1450,1453,278
20220615,154000,1453.0000000,1454,1451,1453,194
20220615,155000,1453.5000000,1454.5,1452.5,1452.5,84
20220615,160000,1453.5000000,1457.5,1453.5,1456,228
20220615,161000,1455.5000000,1457,1455,1455,109
20220615,162000,1455.0000000,1456.5,1454.5,1455.5,185
20220615,163000,1456.0000000,1457,1455,1456.5,113
20220615,164000,1457.0000000,1457,1454.5,1457,203
20220615,165000,1457.0000000,1457.5,1454,1454.5,146
20220615,170000,1454.0000000,1457.5,1453,1457.5,486
20220615,171000,1456.5000000,1456.5,1454.5,1455,92
20220615,172000,1455.0000000,1455.5,1454.5,1455,74
20220615,211000,1458.0000000,1458.5,1458,1458,9
20220615,212000,1458.5000000,1458.5,1457,1457,6
20220615,213000,1455.0000000,1455,1455,1455,1
20220615,214000,1455.5000000,1455.5,1454,1454,16
20220615,215000,1455.0000000,1455,1454,1454.5,23
20220615,220000,1455.0000000,1455.5,1455,1455.5,3
20220615,221000,1456.0000000,1457,1456,1456.5,12
20220615,222000,1456.5000000,1457,1455.5,1455.5,9
20220615,223000,1455.0000000,1455,1455,1455,9
20220615,230000,1455.0000000,1455,1455,1455,1
20220615,231000,1455.5000000,1455.5,1455.5,1455.5,3
20220615,232000,1455.5000000,1455.5,1455,1455,10
20220615,233000,1455.5000000,1456,1455.5,1456,3
20220616,003000,1456.0000000,1456,1456,1456,103
20220616,085000,1465.0000000,1469.5,1464,1468.5,240
20220616,090000,1468.0000000,1470,1467,1470,174
20220616,091000,1470.5000000,1471.5,1469,1470,360
20220616,092000,1470.0000000,1473.5,1470,1473.5,331
20220616,093000,1473.0000000,1476,1473,1473,333
20220616,094000,1473.0000000,1474,1472.5,1472.5,246
20220616,095000,1472.5000000,1473,1469.5,1471.5,321
20220616,100000,1471.5000000,1472,1469.5,1470,107
20220616,101000,1470.0000000,1471.5,1469,1469,115
20220616,102000,1469.0000000,1469.5,1467.5,1468,243
20220616,103000,1468.0000000,1469.5,1468,1468.5,122
20220616,104000,1468.0000000,1469,1468,1468.5,104
20220616,105000,1468.0000000,1468.5,1468,1468,87
20220616,110000,1468.0000000,1470.5,1468,1469,291
20220616,111000,1469.0000000,1469,1467,1468.5,124
20220616,112000,1468.5000000,1468.5,1463.5,1464,358
20220616,113000,1464.0000000,1464,1462,1462,424
20220616,114000,1462.0000000,1463,1460.5,1463,283
20220616,115000,1463.0000000,1464.5,1463,1464,180
20220616,120000,1464.0000000,1465,1462.5,1463,107
20220616,121000,1463.5000000,1464,1461,1461.5,205
20220616,122000,1462.0000000,1463.5,1461.5,1463,164
20220616,123000,1463.5000000,1465,1463,1463.5,112
20220616,124000,1464.0000000,1464.5,1463,1464,60
20220616,125000,1463.5000000,1464,1462.5,1463,51
20220616,144000,1459.0000000,1462.5,1458.5,1459,466
20220616,145000,1459.0000000,1461.5,1458,1460.5,249
20220616,150000,1460.5000000,1460.5,1458,1459.5,300
20220616,151000,1459.0000000,1461,1458,1460,308
20220616,152000,1459.5000000,1460,1457.5,1457.5,261
20220616,153000,1457.5000000,1458.5,1457,1458,208
20220616,154000,1458.0000000,1458,1456,1456.5,352
20220616,155000,1456.5000000,1458,1455,1457,333
20220616,160000,1457.0000000,1458,1455.5,1458,206
20220616,161000,1457.5000000,1461,1457.5,1458,255
20220616,162000,1458.0000000,1459,1457,1458.5,171
20220616,163000,1458.5000000,1461.5,1458,1461,213
20220616,164000,1461.0000000,1462.5,1460.5,1462.5,292
20220616,165000,1462.5000000,1473,1462,1471,836
20220616,170000,1471.0000000,1471,1464.5,1465,378
20220616,171000,1464.5000000,1465,1463.5,1464.5,104
20220616,172000,1464.0000000,1464,1462,1462,89
20220616,211000,1461.0000000,1461,1459,1460,8
20220616,212000,1460.5000000,1460.5,1459.5,1459.5,9
20220616,213000,1459.5000000,1459.5,1459.5,1459.5,1
20220616,214000,1460.5000000,1461.5,1459.5,1460,8
20220616,215000,1459.5000000,1460.5,1459,1460.5,31
20220616,220000,1460.0000000,1460,1459,1459,3
20220616,221000,1458.5000000,1459,1458,1458,8
20220616,222000,1458.0000000,1459,1457,1457.5,19
20220616,223000,1457.5000000,1461,1457.5,1459.5,11
20220616,224000,1459.5000000,1459.5,1459,1459,5
20220616,230000,1458.0000000,1458,1457,1457,10
20220616,231000,1457.0000000,1457,1456.5,1456.5,7
20220616,232000,1457.0000000,1458,1457,1458,7
20220616,233000,1459.0000000,1460,1459,1459,6
20220617,085000,1451.0000000,1456,1451,1454.5,202
20220617,090000,1454.5000000,1456,1453,1453,166
20220617,091000,1453.5000000,1455,1446,1447,561
20220617,092000,1447.5000000,1448,1441,1444,706
20220617,093000,1443.5000000,1444,1440.5,1442,234
20220617,094000,1442.0000000,1446,1442,1445.5,329
20220617,095000,1446.0000000,1447.5,1445.5,1447.5,204
20220617,100000,1447.5000000,1449.5,1446.5,1447.5,187
20220617,101000,1448.0000000,1450.5,1448,1448,160
20220617,102000,1447.5000000,1447.5,1445.5,1446.5,168
20220617,103000,1446.5000000,1448.5,1446.5,1447,102
20220617,104000,1447.0000000,1449.5,1447,1449,118
20220617,105000,1449.5000000,1452,1449.5,1450,267
20220617,110000,1450.0000000,1450.5,1448,1448,87
20220617,111000,1448.0000000,1449.5,1447.5,1447.5,82
20220617,112000,1447.5000000,1449,1447,1448.5,95
20220617,113000,1448.5000000,1449.5,1447,1447,120
20220617,114000,1447.5000000,1447.5,1445.5,1447,188
20220617,115000,1447.0000000,1447,1445,1445,81
20220617,120000,1445.0000000,1445.5,1444,1444,147
20220617,121000,1444.5000000,1446.5,1444.5,1446.5,88
20220617,122000,1446.0000000,1446,1445,1446,104
20220617,123000,1446.0000000,1446.5,1445,1446.5,109
20220617,124000,1447.0000000,1449.5,1447,1449.5,93
20220617,125000,1449.5000000,1449.5,1448,1448.5,34
20220617,144000,1446.5000000,1448.5,1446,1446,208
20220617,145000,1446.0000000,1448,1446,1446.5,105
20220617,150000,1446.5000000,1446.5,1444.5,1445.5,150
20220617,151000,1445.5000000,1445.5,1444.5,1444.5,131
20220617,152000,1445.0000000,1445.5,1444,1445.5,74
20220617,153000,1445.0000000,1445,1444,1444,124
20220617,154000,1443.5000000,1447.5,1443.5,1447,112
20220617,155000,1447.0000000,1448,1446.5,1447.5,140
20220617,160000,1447.5000000,1449,1447,1448.5,110
20220617,161000,1448.5000000,1448.5,1448,1448,100
20220617,162000,1448.0000000,1448,1446.5,1448,70
20220617,163000,1448.5000000,1449,1448,1448.5,83
20220617,164000,1449.0000000,1450.5,1446.5,1447,191
20220617,165000,1447.0000000,1450.5,1445,1450,540
20220617,170000,1450.5000000,1450.5,1447,1448.5,278
20220617,171000,1448.5000000,1449.5,1448,1448,95
20220617,172000,1447.5000000,1450,1447.5,1449.5,107
20220620,085000,1455.0000000,1457.5,1453.5,1453.5,138
20220620,090000,1454.0000000,1455.5,1448,1448.5,148
20220620,091000,1448.0000000,1449,1444,1448,304
20220620,092000,1448.5000000,1452.5,1447.5,1447.5,242
20220620,093000,1447.5000000,1448,1444.5,1447,250
20220620,094000,1446.5000000,1448,1445.5,1447,133
20220620,095000,1447.5000000,1448,1446,1446,110
20220620,100000,1446.0000000,1446.5,1443,1444.5,106
20220620,101000,1444.0000000,1445.5,1443.5,1444.5,118
20220620,102000,1445.0000000,1445,1443,1443.5,74
20220620,103000,1443.5000000,1443.5,1440.5,1442,151
20220620,104000,1441.5000000,1442.5,1439.5,1439.5,106
20220620,105000,1440.0000000,1440.5,1437,1437,159
20220620,110000,1437.0000000,1438,1436,1437,157
20220620,111000,1437.0000000,1438.5,1436,1436,140
20220620,112000,1435.5000000,1436,1433,1434,130
20220620,113000,1433.5000000,1436,1433,1436,109
20220620,114000,1436.0000000,1437,1435.5,1435.5,62
20220620,115000,1435.5000000,1436,1434.5,1436,69
20220620,120000,1435.5000000,1437,1435,1437,54
20220620,121000,1436.0000000,1436.5,1435,1435.5,55
20220620,122000,1435.5000000,1435.5,1434.5,1434.5,68
20220620,123000,1434.0000000,1434,1433,1434,69
20220620,124000,1434.5000000,1434.5,1433,1433,44
20220620,125000,1433.0000000,1434.5,1433,1434,26
20220620,144000,1435.5000000,1439,1435.5,1437.5,230
20220620,145000,1437.5000000,1438,1436.5,1437,90
20220620,150000,1437.0000000,1437.5,1436.5,1437.5,35
20220620,151000,1437.0000000,1440,1437,1439.5,208
20220620,152000,1439.5000000,1440,1438,1439,107
20220620,153000,1438.5000000,1439,1437.5,1438,75
20220620,154000,1438.0000000,1439,1438,1438,45
20220620,155000,1438.0000000,1438.5,1435.5,1436,153
20220620,160000,1436.5000000,1438.5,1436.5,1438.5,102
20220620,161000,1438.5000000,1439,1437.5,1438,53
20220620,162000,1438.5000000,1438.5,1436,1437,55
20220620,163000,1436.5000000,1439,1436,1438,97
20220620,164000,1438.0000000,1439.5,1437,1438.5,84
20220620,165000,1439.0000000,1440,1438.5,1439,89
20220620,170000,1438.5000000,1438.5,1437.5,1438,66
20220620,171000,1438.5000000,1439.5,1438.5,1439,54
20220620,172000,1438.5000000,1438.5,1437.5,1437.5,54
20220620,211000,1438.5000000,1439.5,1438.5,1439.5,4
20220620,212000,1439.5000000,1439.5,1438.5,1438.5,10
20220620,214000,1439.0000000,1439,1439,1439,2
20220620,215000,1439.5000000,1439.5,1439,1439,8
20220620,220000,1438.0000000,1438.5,1438,1438.5,2
20220620,221000,1439.0000000,1439,1439,1439,1
20220620,222000,1438.5000000,1438.5,1438.5,1438.5,3
20220620,223000,1439.0000000,1439,1439,1439,1
20220620,225000,1439.5000000,1439.5,1439.5,1439.5,2
20220620,230000,1439.5000000,1440,1439.5,1440,2
20220620,231000,1440.5000000,1440.5,1440.5,1440.5,2
20220620,232000,1441.0000000,1441,1440.5,1440.5,8
20220620,233000,1440.5000000,1441.5,1440.5,1441,9
20220621,085000,1442.5000000,1446.5,1442,1445,208
20220621,090000,1444.5000000,1445.5,1444,1445,47
20220621,091000,1445.0000000,1449,1444.5,1445.5,426
20220621,092000,1445.5000000,1445.5,1441.5,1442,283
20220621,093000,1441.5000000,1442.5,1439,1442.5,273
20220621,094000,1442.0000000,1444,1441.5,1443,291
20220621,095000,1443.0000000,1443.5,1442.5,1442.5,69
20220621,100000,1443.0000000,1444,1443,1443.5,119
20220621,101000,1443.5000000,1446.5,1443.5,1446.5,185
20220621,102000,1446.0000000,1446.5,1445,1445,172
20220621,103000,1445.0000000,1445.5,1444,1445.5,122
20220621,104000,1445.0000000,1445,1444,1444,69
20220621,105000,1443.5000000,1444,1443,1443,94
20220621,110000,1443.5000000,1444,1442.5,1444,81
20220621,111000,1444.0000000,1444,1443,1443.5,63
20220621,112000,1443.5000000,1447,1443,1446.5,237
20220621,113000,1446.0000000,1447,1446,1446.5,133
20220621,114000,1446.5000000,1447,1445,1445,209
20220621,115000,1445.0000000,1446,1445,1445.5,88
20220621,120000,1445.5000000,1446,1444.5,1446,115
20220621,121000,1446.0000000,1446.5,1446,1446.5,130
20220621,122000,1446.5000000,1447,1445,1446,99
20220621,123000,1445.5000000,1445.5,1445,1445,42
20220621,124000,1445.5000000,1445.5,1443.5,1444,50
20220621,125000,1444.5000000,1445.5,1444.5,1445.5,39
20220621,144000,1446.0000000,1446.5,1444.5,1446,172
20220621,145000,1446.0000000,1449,1445,1448.5,155
20220621,150000,1449.0000000,1450.5,1449,1450,243
20220621,151000,1450.0000000,1453,1450,1452.5,250
20220621,152000,1452.0000000,1454,1452,1452.5,316
20220621,153000,1452.5000000,1452.5,1450,1450.5,149
20220621,154000,1450.5000000,1452.5,1450,1452,119
20220621,155000,1452.0000000,1453.5,1452,1453.5,130
20220621,160000,1453.5000000,1453.5,1452.5,1453,132
20220621,161000,1453.5000000,1457.5,1453.5,1456.5,469
20220621,162000,1456.5000000,1457,1456,1456.5,157
20220621,163000,1456.5000000,1456.5,1454,1454.5,116
20220621,164000,1455.0000000,1455,1453.5,1454,112
20220621,165000,1454.0000000,1460.5,1454,1456.5,473
20220621,170000,1456.5000000,1464.5,1455,1464,766
20220621,171000,1464.0000000,1464,1458.5,1459,214
20220621,172000,1459.0000000,1459,1458,1458,151
20220621,211000,1458.5000000,1458.5,1458,1458.5,9
20220621,213000,1458.5000000,1458.5,1458.5,1458.5,1
20220621,214000,1458.5000000,1458.5,1458.5,1458.5,2
20220621,215000,1459.0000000,1459.5,1458.5,1459.5,11
20220621,220000,1460.0000000,1461,1460,1461,12
20220621,221000,1460.5000000,1460.5,1460.5,1460.5,3
20220621,222000,1460.0000000,1461.5,1459.5,1460.5,38
20220621,223000,1460.5000000,1460.5,1460,1460.5,9
20220621,224000,1460.5000000,1460.5,1460.5,1460.5,2
20220621,225000,1461.0000000,1461,1460.5,1460.5,3
20220621,230000,1461.5000000,1461.5,1461,1461.5,6
20220621,231000,1462.0000000,1462,1461.5,1461.5,6
20220621,232000,1461.5000000,1462,1461,1462,6
20220621,233000,1461.0000000,1461.5,1461,1461.5,8
20220622,085000,1455.5000000,1457,1451.5,1452.5,250
20220622,090000,1452.0000000,1452.5,1450,1451.5,271
20220622,091000,1451.0000000,1453.5,1445.5,1446,589
20220622,092000,1446.0000000,1447.5,1445,1446.5,305
20220622,093000,1446.5000000,1449,1446.5,1448.5,321
20220622,094000,1449.0000000,1449,1447,1449,322
20220622,095000,1449.0000000,1449.5,1447.5,1448,133
20220622,100000,1448.0000000,1448,1444.5,1445,213
20220622,101000,1445.0000000,1447,1445,1445.5,179
20220622,102000,1446.0000000,1447,1445,1445.5,126
20220622,103000,1445.0000000,1445.5,1443,1443.5,228
20220622,104000,1443.5000000,1444,1442,1442.5,305
20220622,105000,1442.5000000,1442.5,1441,1441.5,136
20220622,110000,1441.5000000,1442,1440.5,1441,160
20220622,111000,1441.0000000,1442,1441,1441.5,113
20220622,112000,1441.0000000,1444,1440.5,1444,234
20220622,113000,1443.5000000,1444.5,1442.5,1443,110
20220622,114000,1442.0000000,1443,1441.5,1443,143
20220622,115000,1442.5000000,1443,1441.5,1442.5,71
20220622,120000,1442.0000000,1443,1442,1442.5,85
20220622,121000,1442.0000000,1443,1441.5,1442,143
20220622,122000,1442.5000000,1443,1441,1441.5,104
20220622,123000,1441.5000000,1442.5,1441,1441,78
20220622,124000,1441.0000000,1441,1433,1436.5,311
20220622,125000,1437.0000000,1437.5,1435,1436,55
20220622,144000,1435.0000000,1441.5,1433,1438,414
20220622,145000,1438.0000000,1439,1437,1438.5,66
20220622,150000,1439.0000000,1440,1437.5,1438.5,75
20220622,151000,1438.5000000,1439,1436.5,1437,121
20220622,152000,1437.0000000,1439,1436,1437.5,152
20220622,153000,1437.0000000,1438,1436,1438,106
20220622,154000,1437.5000000,1438,1437,1437.5,168
20220622,155000,1437.5000000,1438,1435,1435.5,193
20220622,160000,1436.0000000,1436,1433,1434,262
20220622,161000,1433.5000000,1433.5,1430,1431,286
20220622,162000,1431.0000000,1431.5,1429.5,1430.5,272
20220622,163000,1431.0000000,1431,1429.5,1430,222
20220622,164000,1430.0000000,1431,1425.5,1425.5,338
20220622,165000,1426.0000000,1427.5,1424,1426,274
20220622,170000,1426.0000000,1431,1425.5,1430.5,580
20220622,171000,1430.0000000,1430.5,1429.5,1430.5,78
20220622,172000,1430.0000000,1431,1429.5,1430,109
20220622,211000,1430.5000000,1432,1430.5,1432,7
20220622,212000,1431.0000000,1431,1430,1430,8
20220622,213000,1431.0000000,1433,1431,1433,3
20220622,214000,1432.0000000,1432.5,1432,1432.5,8
20220622,215000,1432.5000000,1436.5,1432.5,1435,44
20220622,220000,1434.5000000,1435.5,1434,1434.5,20
20220622,221000,1434.5000000,1436,1434.5,1435,7
20220622,222000,1435.0000000,1436.5,1435,1436.5,11
20220622,223000,1436.5000000,1436.5,1436,1436,6
20220622,224000,1435.5000000,1436,1435.5,1436,4
20220622,225000,1436.0000000,1436,1435.5,1436,9
20220622,230000,1436.0000000,1436.5,1436,1436.5,15
20220622,231000,1436.0000000,1436,1436,1436,3
20220622,232000,1436.0000000,1436,1435.5,1435.5,2
20220622,233000,1436.5000000,1437,1436.5,1437,9
20220623,085000,1436.0000000,1441,1436,1437.5,111
20220623,090000,1438.0000000,1441.5,1438,1439.5,166
20220623,091000,1439.5000000,1443,1438,1439.5,522
20220623,092000,1440.0000000,1440,1430.5,1431.5,477
20220623,093000,1431.5000000,1432,1427,1427,361
20220623,094000,1426.5000000,1429.5,1426,1428.5,382
20220623,095000,1428.5000000,1429,1427,1427,200
20220623,100000,1427.0000000,1429.5,1426.5,1428.5,176
20220623,101000,1429.0000000,1432,1428,1430,221
20220623,102000,1430.0000000,1432,1430,1432,150
20220623,103000,1432.0000000,1433,1432,1432.5,161
20220623,104000,1432.5000000,1435,1432.5,1435,232
20220623,105000,1434.5000000,1436,1434,1435,162
20220623,110000,1435.5000000,1435.5,1432,1432.5,171
20220623,111000,1432.5000000,1434,1431.5,1433.5,128
20220623,112000,1433.0000000,1433.5,1427.5,1428,354
20220623,113000,1428.0000000,1429.5,1427.5,1429.5,98
20220623,114000,1429.5000000,1429.5,1426.5,1427.5,114
20220623,115000,1428.0000000,1429.5,1428,1428,119
20220623,120000,1428.0000000,1429.5,1428,1428.5,64
20220623,121000,1428.5000000,1429,1428,1428.5,37
20220623,122000,1429.0000000,1429.5,1428.5,1428.5,67
20220623,123000,1428.5000000,1428.5,1428,1428,30
20220623,124000,1428.0000000,1428.5,1426.5,1427.5,81
20220623,125000,1427.0000000,1429.5,1427,1428,44
20220623,144000,1428.0000000,1430,1427,1429,232
20220623,145000,1429.0000000,1430.5,1429,1429.5,151
20220623,150000,1429.5000000,1430.5,1428,1430,161
20220623,151000,1430.0000000,1431,1428.5,1428.5,117
20220623,152000,1428.5000000,1429.5,1428,1428.5,109
20220623,153000,1429.0000000,1429,1428,1428,89
20220623,154000,1428.0000000,1428,1427,1427.5,118
20220623,155000,1427.5000000,1427.5,1427,1427.5,54
20220623,160000,1427.5000000,1427.5,1426,1427.5,98
20220623,161000,1427.5000000,1429,1427.5,1428.5,104
20220623,162000,1428.5000000,1431,1427.5,1429.5,135
20220623,163000,1430.0000000,1430.5,1428.5,1430,129
20220623,164000,1430.0000000,1430.5,1428.5,1429,122
20220623,165000,1429.0000000,1430.5,1428,1429,127
20220623,170000,1428.5000000,1428.5,1422,1423.5,562
20220623,171000,1423.0000000,1426,1423,1424.5,69
20220623,172000,1425.0000000,1428.5,1424.5,1425,60
20220623,211000,1427.0000000,1427.5,1427,1427.5,4
20220623,212000,1427.5000000,1428.5,1427.5,1428.5,10
20220623,213000,1428.5000000,1428.5,1428.5,1428.5,1
20220623,214000,1429.0000000,1432,1428,1428,24
20220623,215000,1429.5000000,1431,1429.5,1430.5,55
20220623,220000,1430.0000000,1431,1430,1431,29
20220623,221000,1431.5000000,1431.5,1430.5,1430.5,28
20220623,222000,1430.5000000,1430.5,1429.5,1430,10
20220623,223000,1430.0000000,1430,1430,1430,2
20220623,224000,1430.0000000,1430,1430,1430,3
20220623,225000,1431.0000000,1431,1431,1431,2
20220623,230000,1431.0000000,1431,1431,1431,1
20220623,232000,1431.0000000,1431.5,1431,1431.5,4
20220623,233000,1431.5000000,1431.5,1430.5,1430.5,14
20220624,085000,1430.0000000,1436,1430,1432,114
20220624,090000,1432.0000000,1434.5,1432,1433.5,92
20220624,091000,1433.5000000,1437.5,1432,1436.5,299
20220624,092000,1436.5000000,1436.5,1430.5,1432.5,382
20220624,093000,1432.5000000,1433.5,1431.5,1433.5,211
20220624,094000,1433.5000000,1433.5,1432.5,1433,173
20220624,095000,1433.0000000,1433,1432.5,1433,134
20220624,100000,1433.0000000,1434,1433,1434,160
20220624,101000,1434.0000000,1438,1434,1437,317
20220624,102000,1437.0000000,1438.5,1436.5,1438,159
20220624,103000,1438.0000000,1440.5,1437,1439,177
20220624,104000,1439.5000000,1440,1438.5,1439.5,105
20220624,105000,1439.5000000,1440,1439,1439,73
20220624,110000,1439.5000000,1439.5,1438.5,1439,58
20220624,111000,1439.0000000,1441.5,1439,1440.5,181
20220624,112000,1440.5000000,1440.5,1437,1438,189
20220624,113000,1438.0000000,1438,1434.5,1434.5,291
20220624,114000,1435.0000000,1436,1433.5,1436,159
20220624,115000,1436.0000000,1437,1434.5,1434.5,67
20220624,120000,1434.5000000,1434.5,1433,1433.5,121
20220624,121000,1433.5000000,1434.5,1432.5,1434,111
20220624,122000,1433.5000000,1434,1433,1433.5,55
20220624,123000,1433.5000000,1434,1432.5,1433.5,124
20220624,124000,1433.5000000,1434,1432.5,1433.5,85
20220624,125000,1433.5000000,1434.5,1433,1434.5,36
20220624,144000,1435.5000000,1436.5,1432.5,1436.5,192
20220624,145000,1437.0000000,1439.5,1437,1439,142
20220624,150000,1439.5000000,1439.5,1438.5,1439,102
20220624,151000,1438.5000000,1438.5,1436.5,1438.5,141
20220624,152000,1439.0000000,1440.5,1438.5,1439,137
20220624,153000,1439.0000000,1439.5,1438.5,1439,55
20220624,154000,1439.5000000,1441.5,1439.5,1440.5,173
20220624,155000,1440.5000000,1442,1440.5,1441,129
20220624,160000,1441.0000000,1441,1440.5,1440.5,75
20220624,161000,1440.5000000,1440.5,1439.5,1439.5,72
20220624,162000,1439.5000000,1440.5,1439.5,1440,53
20220624,163000,1440.0000000,1440.5,1439.5,1439.5,36
20220624,164000,1440.0000000,1440,1438.5,1438.5,60
20220624,165000,1438.5000000,1439,1436.5,1436.5,135
20220624,170000,1436.5000000,1437.5,1436,1437,100
20220624,171000,1437.0000000,1437,1435.5,1436.5,71
20220624,172000,1436.0000000,1437,1436,1437,85
20220627,085000,1446.5000000,1446.5,1437.5,1438,217
20220627,090000,1438.0000000,1442,1438,1440.5,248
20220627,091000,1440.5000000,1442,1431.5,1433,1264
20220627,092000,1433.0000000,1434,1430,1431,821
20220627,093000,1431.0000000,1435.5,1431,1434,803
20220627,094000,1433.5000000,1435.5,1433.5,1435.5,257
20220627,095000,1435.5000000,1440,1435.5,1439.5,264
20220627,100000,1439.5000000,1441,1435.5,1436,288
20220627,101000,1436.0000000,1437,1435.5,1437,382
20220627,102000,1437.0000000,1437,1433,1434,425
20220627,103000,1434.0000000,1436.5,1434,1434,356
20220627,104000,1434.0000000,1437,1434,1436.5,298
20220627,105000,1436.5000000,1437.5,1435,1437.5,1028
20220627,110000,1437.5000000,1437.5,1436.5,1437,162
20220627,111000,1437.0000000,1438,1436,1436.5,229
20220627,112000,1436.0000000,1438.5,1436,1438,274
20220627,113000,1438.0000000,1441,1438,1441,304
20220627,114000,1441.0000000,1442.5,1440.5,1442.5,711
20220627,115000,1442.0000000,1442,1439,1440.5,126
20220627,120000,1440.0000000,1441,1438.5,1440.5,1189
20220627,121000,1440.5000000,1440.5,1439,1439,77
20220627,122000,1439.0000000,1439,1437.5,1437.5,126
20220627,123000,1438.0000000,1439,1437.5,1438,167
20220627,124000,1438.0000000,1438,1436.5,1437.5,203
20220627,125000,1437.5000000,1439,1437.5,1439,89
20220627,144000,1437.5000000,1438.5,1434.5,1436,422
20220627,145000,1436.0000000,1438,1436,1437,1062
20220627,150000,1436.5000000,1437,1436,1436,220
20220627,151000,1436.0000000,1439,1436,1438.5,481
20220627,152000,1438.0000000,1440,1437,1438.5,537
20220627,153000,1438.5000000,1439,1438,1438.5,811
20220627,154000,1438.5000000,1439,1437,1438,1579
20220627,155000,1438.0000000,1438.5,1437.5,1438.5,432
20220627,160000,1438.5000000,1439,1438.5,1439,681
20220627,161000,1439.0000000,1439,1438.5,1439,481
20220627,162000,1439.0000000,1440,1439,1439.5,422
20220627,163000,1439.5000000,1439.5,1439,1439.5,393
20220627,164000,1439.5000000,1440,1438,1438.5,861
20220627,165000,1438.5000000,1440,1436.5,1437.5,909
20220627,170000,1437.5000000,1440,1436,1439,798
20220627,171000,1438.5000000,1438.5,1437.5,1438,788
20220627,172000,1438.5000000,1438.5,1438.5,1438.5,301
20220627,214000,1438.0000000,1438,1435.5,1436,27
20220627,215000,1437.0000000,1437,1437,1437,3
20220627,220000,1437.0000000,1440,1437,1440,21
20220627,221000,1439.5000000,1439.5,1439.5,1439.5,230
20220627,222000,1438.5000000,1438.5,1438.5,1438.5,5
20220627,223000,1438.5000000,1438.5,1437.5,1437.5,14
20220627,224000,1437.5000000,1437.5,1437.5,1437.5,1
20220627,225000,1438.0000000,1438,1438,1438,1
20220627,230000,1439.0000000,1439,1439,1439,2
20220627,231000,1439.0000000,1439,1438.5,1438.5,165
20220627,232000,1438.5000000,1439,1438.5,1439,2
20220627,233000,1438.5000000,1439.5,1438.5,1439,4
20220628,085000,1437.5000000,1442.5,1437.5,1441.5,653
20220628,090000,1442.0000000,1442,1439.5,1440.5,1905
20220628,091000,1441.0000000,1441.5,1435.5,1438.5,481
20220628,092000,1438.5000000,1439,1437.5,1437.5,886
20220628,093000,1437.5000000,1438,1436.5,1437,340
20220628,094000,1437.0000000,1438,1432.5,1433,697
20220628,095000,1433.0000000,1435,1433,1435,793
20220628,100000,1435.0000000,1437.5,1434,1435.5,334
20220628,101000,1435.5000000,1436.5,1435,1436,1015
20220628,102000,1436.0000000,1436.5,1434.5,1436,1040
20220628,103000,1436.0000000,1436,1434,1435.5,945
20220628,104000,1435.5000000,1438,1435.5,1438,328
20220628,105000,1438.0000000,1438,1436.5,1438,251
20220628,110000,1438.0000000,1439.5,1438,1438,364
20220628,111000,1438.0000000,1438,1436.5,1437.5,363
20220628,112000,1437.5000000,1438,1436,1436.5,276
20220628,113000,1436.5000000,1436.5,1435.5,1435.5,794
20220628,114000,1435.5000000,1436.5,1435,1436.5,270
20220628,115000,1436.5000000,1437,1436.5,1437,155
20220628,120000,1437.0000000,1437,1437,1437,183
20220628,121000,1437.0000000,1437,1436.5,1437,788
20220628,122000,1437.0000000,1437,1436.5,1437,356
20220628,123000,1437.0000000,1437,1437,1437,374
20220628,124000,1437.0000000,1438,1437,1437.5,375
20220628,125000,1437.5000000,1438.5,1437,1437,218
20220628,144000,1439.0000000,1444,1438.5,1443.5,945
20220628,145000,1443.5000000,1445,1442.5,1443.5,365
20220628,150000,1443.5000000,1444,1443.5,1444,267
20220628,151000,1444.5000000,1449,1444,1447.5,1012
20220628,152000,1447.5000000,1451.5,1447.5,1450,544
20220628,153000,1449.5000000,1452.5,1449,1449.5,591
20220628,154000,1449.5000000,1450,1449,1449,511
20220628,155000,1449.0000000,1450.5,1449,1450,457
20220628,160000,1450.0000000,1452.5,1448.5,1452.5,1209
20220628,161000,1452.5000000,1454,1451.5,1452,626
20220628,162000,1452.0000000,1454,1451,1452.5,483
20220628,163000,1453.5000000,1455,1453.5,1454.5,450
20220628,164000,1454.5000000,1457,1454,1456.5,663
20220628,165000,1456.0000000,1456.5,1454.5,1455.5,432
20220628,170000,1455.5000000,1455.5,1452.5,1454,608
20220628,171000,1454.0000000,1454.5,1453,1453.5,117
20220628,172000,1454.0000000,1454.5,1453.5,1454.5,105
20220628,213000,1453.0000000,1455.5,1453,1455.5,3
20220628,214000,1453.0000000,1453,1451.5,1453,14
20220628,215000,1452.0000000,1453,1452,1453,5
20220628,220000,1453.0000000,1454.5,1453,1453.5,6
20220628,221000,1453.0000000,1453,1453,1453,1
20220628,222000,1453.0000000,1453,1453,1453,1
20220628,223000,1452.5000000,1452.5,1452.5,1452.5,1
20220628,224000,1451.5000000,1451.5,1451.5,1451.5,1
20220628,225000,1451.5000000,1451.5,1451,1451,4
20220628,230000,1451.0000000,1451,1451,1451,1
20220628,231000,1451.0000000,1451,1450,1450,3
20220628,232000,1450.5000000,1450.5,1450,1450,4
20220628,233000,1450.5000000,1450.5,1450.5,1450.5,3
20220629,085000,1447.0000000,1449.5,1445.5,1448,275
20220629,090000,1447.5000000,1449.5,1447,1448,59
20220629,091000,1447.5000000,1449.5,1445.5,1449,143
20220629,092000,1449.0000000,1453,1448.5,1452,417
20220629,093000,1453.0000000,1455,1451.5,1451.5,176
20220629,094000,1451.5000000,1455,1451.5,1454,329
20220629,095000,1454.0000000,1456,1454,1454.5,113
20220629,100000,1454.5000000,1455.5,1454.5,1455.5,160
20220629,101000,1455.0000000,1459,1454,1458,184
20220629,102000,1458.5000000,1461,1457.5,1460,110
20220629,103000,1459.5000000,1459.5,1456,1457,123
20220629,104000,1457.0000000,1457.5,1455,1457,113
20220629,105000,1457.0000000,1458,1456.5,1457,150
20220629,110000,1457.0000000,1458,1456.5,1457.5,346
20220629,111000,1457.5000000,1457.5,1454.5,1454.5,119
20220629,112000,1454.5000000,1457.5,1454.5,1457.5,399
20220629,113000,1457.5000000,1458.5,1457,1457.5,108
20220629,114000,1457.5000000,1457.5,1456.5,1456.5,153
20220629,115000,1456.5000000,1456.5,1454.5,1454.5,226
20220629,120000,1455.0000000,1457.5,1454.5,1456.5,187
20220629,121000,1456.5000000,1456.5,1455.5,1456,83
20220629,122000,1456.0000000,1457.5,1456,1456.5,260
20220629,123000,1456.5000000,1457,1456,1456,46
20220629,124000,1456.0000000,1456,1455.5,1456,50
20220629,125000,1456.0000000,1458,1455.5,1458,58
20220629,144000,1455.5000000,1458,1455.5,1457.5,293
20220629,145000,1457.5000000,1458,1456,1457,165
20220629,150000,1457.0000000,1457,1455,1455,274
20220629,151000,1455.0000000,1456.5,1453.5,1456,118
20220629,152000,1455.5000000,1456.5,1455,1455.5,92
20220629,153000,1455.0000000,1455.5,1453,1455.5,159
20220629,154000,1455.5000000,1455.5,1455,1455,72
20220629,155000,1454.5000000,1455,1454.5,1454.5,460
20220629,160000,1455.0000000,1455.5,1455,1455.5,35
20220629,161000,1455.5000000,1455.5,1454.5,1455,43
20220629,162000,1455.0000000,1455.5,1454.5,1454.5,412
20220629,163000,1454.5000000,1454.5,1451.5,1451.5,57
20220629,164000,1451.5000000,1451.5,1450,1451,362
20220629,165000,1451.0000000,1451.5,1449,1451.5,171
20220629,170000,1451.0000000,1452.5,1449.5,1450.5,125
20220629,171000,1451.0000000,1451,1449.5,1449.5,342
20220629,172000,1450.0000000,1450.5,1449,1450,27
20220629,211000,1449.0000000,1449,1449,1449,3
20220629,212000,1449.5000000,1449.5,1449.5,1449.5,1
20220629,213000,1451.0000000,1451,1451,1451,2
20220629,214000,1449.5000000,1449.5,1449,1449,4
20220629,215000,1449.0000000,1450,1449,1450,3
20220629,220000,1450.0000000,1450,1450,1450,2
20220629,221000,1452.0000000,1452,1452,1452,6
20220629,222000,1453.5000000,1453.5,1452,1452,9
20220629,224000,1452.5000000,1452.5,1452.5,1452.5,1
20220629,231000,1452.0000000,1452,1452,1452,1
20220629,232000,1450.5000000,1450.5,1450.5,1450.5,4
20220630,085000,1450.0000000,1452,1448.5,1451.5,28
20220630,090000,1452.5000000,1453,1452.5,1453,16
20220630,091000,1452.5000000,1452.5,1447.5,1449,77
20220630,092000,1448.5000000,1448.5,1446,1447,114
20220630,093000,1447.0000000,1447.5,1445,1446.5,72
20220630,094000,1446.5000000,1451.5,1446.5,1450,91
20220630,095000,1450.0000000,1450,1448,1448.5,46
20220630,100000,1450.0000000,1453,1450,1453,42
20220630,101000,1453.0000000,1453,1451.5,1452,98
20220630,102000,1452.0000000,1453,1451.5,1453,173
20220630,103000,1453.0000000,1454.5,1453,1454.5,26
20220630,104000,1455.0000000,1457.5,1455,1457.5,143
20220630,105000,1457.5000000,1459.5,1457,1458.5,97
20220630,110000,1458.5000000,1463,1458.5,1463,107
20220630,111000,1463.0000000,1463,1460,1460,46
20220630,112000,1460.0000000,1460,1456.5,1457,117
20220630,113000,1457.0000000,1457,1456,1456.5,79
20220630,114000,1456.5000000,1457.5,1456,1457.5,51
20220630,115000,1457.5000000,1459.5,1457.5,1459,73
20220630,120000,1459.0000000,1459,1457,1457,88
20220630,121000,1457.5000000,1457.5,1457.5,1457.5,65
20220630,122000,1457.5000000,1458.5,1457.5,1458.5,136
20220630,123000,1458.5000000,1459,1458.5,1459,303
20220630,124000,1459.0000000,1459,1458,1458.5,21
20220630,125000,1458.5000000,1458.5,1458.5,1458.5,12
20220630,144000,1456.0000000,1456,1454,1455,94
20220630,145000,1455.0000000,1455,1454,1454,9
20220630,150000,1454.0000000,1454,1454,1454,15
20220630,151000,1454.0000000,1454.5,1453,1454.5,26
20220630,152000,1455.0000000,1455,1453,1453,23
20220630,153000,1452.5000000,1454,1451.5,1452.5,26
20220630,154000,1452.5000000,1453,1449,1449,30
20220630,155000,1450.0000000,1452.5,1449,1452.5,52
20220630,160000,1452.5000000,1453,1452.5,1453,60
20220630,161000,1453.0000000,1453.5,1453,1453.5,17
20220630,162000,1454.0000000,1454,1454,1454,59
20220630,163000,1454.0000000,1454,1452.5,1453,212
20220630,164000,1452.5000000,1453.5,1452.5,1453.5,117
20220630,165000,1453.0000000,1453,1453,1453,41
20220630,170000,1453.0000000,1453.5,1453,1453,56
20220630,171000,1453.0000000,1453.5,1453,1453,13
20220630,172000,1453.0000000,1453.5,1453,1453,14
20220630,211000,1439.0000000,1439,1437.5,1437.5,4
20220630,212000,1437.5000000,1437.5,1437.5,1437.5,1
20220630,214000,1437.5000000,1438.5,1437.5,1438,43
20220630,215000,1438.0000000,1438,1437.5,1437.5,12
20220630,220000,1438.0000000,1438,1438,1438,1
20220630,221000,1437.5000000,1437.5,1436,1436.5,14
20220630,222000,1436.5000000,1437,1436.5,1437,5
20220630,223000,1437.5000000,1438,1437.5,1438,4
20220630,224000,1438.0000000,1439,1438,1438.5,10
20220630,225000,1437.5000000,1437.5,1437.5,1437.5,1
20220630,230000,1438.5000000,1438.5,1437,1437,3
20220630,231000,1438.0000000,1438,1438,1438,1
20220630,232000,1438.5000000,1438.5,1437,1438.5,4
20220630,233000,1439.0000000,1439,1437,1439,11
20220701,085000,1439.5000000,1445,1439.5,1444,190
20220701,090000,1444.0000000,1444,1440.5,1442.5,183
20220701,091000,1442.5000000,1446,1441,1442.5,472
20220701,092000,1442.5000000,1445.5,1441.5,1445,226
20220701,093000,1445.0000000,1446,1443,1445,222
20220701,094000,1445.0000000,1445,1442,1442,221
20220701,095000,1442.5000000,1445,1442.5,1444.5,197
20220701,100000,1445.0000000,1447,1445,1447,123
20220701,101000,1447.0000000,1448,1445.5,1446,150
20220701,102000,1446.0000000,1447,1445.5,1447,142
20220701,103000,1447.0000000,1447,1445.5,1446.5,80
20220701,104000,1446.5000000,1447,1446,1446.5,82
20220701,105000,1446.5000000,1446.5,1445.5,1445.5,68
20220701,110000,1446.0000000,1447,1445.5,1446.5,68
20220701,111000,1446.0000000,1447.5,1446,1446,93
20220701,112000,1446.0000000,1450,1445.5,1449,324
20220701,113000,1449.5000000,1450,1449,1450,163
20220701,114000,1449.5000000,1453,1449.5,1451.5,242
20220701,115000,1452.0000000,1452,1450.5,1450.5,89
20220701,120000,1450.5000000,1452,1450.5,1451,115
20220701,121000,1451.0000000,1451.5,1450.5,1450.5,33
20220701,122000,1450.0000000,1450.5,1448,1449.5,74
20220701,123000,1450.0000000,1451,1450,1451,57
20220701,124000,1451.0000000,1452,1450.5,1451,51
20220701,125000,1450.5000000,1452,1450.5,1452,33
20220701,144000,1450.5000000,1451.5,1448.5,1448.5,125
20220701,145000,1449.0000000,1452.5,1448.5,1451.5,146
20220701,150000,1451.5000000,1451.5,1450,1451.5,46
20220701,151000,1451.0000000,1451.5,1449,1449.5,156
20220701,152000,1450.0000000,1451,1449.5,1449.5,102
20220701,153000,1449.0000000,1450,1448,1448,164
20220701,154000,1448.0000000,1448.5,1445.5,1447,276
20220701,155000,1447.0000000,1448.5,1446,1448,110
20220701,160000,1448.0000000,1451.5,1447.5,1451,212
20220701,161000,1451.0000000,1451.5,1447.5,1448,144
20220701,162000,1448.0000000,1449,1447.5,1448.5,87
20220701,163000,1449.0000000,1450.5,1443.5,1447,289
20220701,164000,1446.5000000,1449.5,1446,1449.5,78
20220701,165000,1449.5000000,1450,1446,1446,98
20220701,170000,1447.0000000,1449,1447,1448.5,51
20220701,171000,1448.5000000,1448.5,1446.5,1447,225
20220701,172000,1447.0000000,1447.5,1445.5,1446,225
20220704,085000,1443.5000000,1445,1439,1443,178
20220704,090000,1443.0000000,1444,1442,1442,119
20220704,091000,1442.5000000,1449,1441,1448,336
20220704,092000,1448.0000000,1448,1446,1446,81
20220704,093000,1446.0000000,1446,1441.5,1442,203
20220704,094000,1441.5000000,1442.5,1441,1442.5,136
20220704,095000,1442.5000000,1446,1442.5,1445,198
20220704,100000,1445.0000000,1445,1442.5,1444,131
20220704,101000,1443.5000000,1443.5,1442.5,1443,70
20220704,102000,1443.5000000,1443.5,1442,1442,34
20220704,103000,1442.0000000,1442.5,1440.5,1441,83
20220704,104000,1441.0000000,1442,1440.5,1441,47
20220704,105000,1441.0000000,1441,1440,1440,39
20220704,110000,1440.0000000,1440,1438,1439,134
20220704,111000,1439.0000000,1440.5,1439,1440.5,29
20220704,112000,1440.5000000,1440.5,1439,1439.5,42
20220704,113000,1439.5000000,1440,1438.5,1439,63
20220704,114000,1439.0000000,1439.5,1438.5,1439,25
20220704,115000,1439.0000000,1439,1438.5,1438.5,14
20220704,120000,1439.0000000,1439,1438,1439,52
20220704,121000,1439.0000000,1440,1438.5,1439.5,33
20220704,122000,1439.5000000,1440.5,1439.5,1440,43
20220704,123000,1440.0000000,1440.5,1439,1439,52
20220704,124000,1439.0000000,1439,1437.5,1438,76
20220704,125000,1438.0000000,1438,1437.5,1438,45
20220704,144000,1439.5000000,1440.5,1438.5,1438.5,89
20220704,145000,1438.0000000,1438.5,1437.5,1438,143
20220704,150000,1438.5000000,1439.5,1438,1439,76
20220704,151000,1439.0000000,1440,1438.5,1439,108
20220704,152000,1438.5000000,1439,1437,1437.5,116
20220704,153000,1437.5000000,1438.5,1436,1438,88
20220704,154000,1438.0000000,1438,1437,1437.5,29
20220704,155000,1438.0000000,1438.5,1436.5,1437.5,62
20220704,160000,1438.0000000,1439,1438,1439,71
20220704,161000,1439.0000000,1439.5,1438.5,1439,79
20220704,162000,1439.5000000,1440.5,1437,1438.5,156
20220704,163000,1438.5000000,1439.5,1438,1438.5,62
20220704,164000,1439.0000000,1440,1438.5,1439,102
20220704,165000,1438.5000000,1439.5,1437.5,1438,58
20220704,170000,1437.0000000,1438.5,1437,1438,72
20220704,171000,1437.5000000,1438,1436,1437.5,127
20220704,172000,1437.5000000,1438,1437,1437.5,45
20220704,211000,1439.0000000,1441,1439,1441,12
20220704,212000,1441.0000000,1441,1440,1440,5
20220704,213000,1441.0000000,1441,1441,1441,2
20220704,214000,1440.0000000,1440,1440,1440,2
20220704,215000,1440.0000000,1440,1440,1440,3
20220704,220000,1439.5000000,1439.5,1439.5,1439.5,1
20220704,221000,1439.5000000,1439.5,1439,1439,3
20220704,222000,1438.5000000,1438.5,1438.5,1438.5,2
20220704,224000,1438.5000000,1440,1438.5,1440,5
20220704,225000,1440.5000000,1440.5,1440.5,1440.5,1
20220704,231000,1440.5000000,1440.5,1440.5,1440.5,1
20220704,232000,1440.5000000,1440.5,1440.5,1440.5,1
20220705,085000,1443.5000000,1444.5,1442,1443.5,87
20220705,090000,1443.5000000,1444,1442,1443,56
20220705,091000,1442.5000000,1444,1440.5,1441,194
20220705,092000,1440.5000000,1441.5,1438.5,1439,343
20220705,093000,1439.0000000,1439.5,1436,1436,391
20220705,094000,1436.0000000,1438,1436,1437.5,190
20220705,095000,1437.5000000,1439.5,1437.5,1439.5,149
20220705,100000,1439.5000000,1440,1437.5,1438,129
20220705,101000,1438.0000000,1438,1437,1438,119
20220705,102000,1437.5000000,1438,1437,1437.5,48
20220705,103000,1437.0000000,1438,1436.5,1438,104
20220705,104000,1437.5000000,1437.5,1436.5,1437,41
20220705,105000,1436.5000000,1437,1433,1433,394
20220705,110000,1433.0000000,1434,1433,1433,102
20220705,111000,1433.0000000,1434.5,1432.5,1434,79
20220705,112000,1434.0000000,1435.5,1433.5,1435,119
20220705,113000,1435.5000000,1435.5,1435,1435,29
20220705,114000,1435.5000000,1437.5,1435.5,1437,143
20220705,115000,1436.5000000,1437,1435.5,1436,71
20220705,120000,1435.5000000,1435.5,1434.5,1435,23
20220705,121000,1435.0000000,1436,1434.5,1435.5,36
20220705,122000,1435.5000000,1435.5,1435.5,1435.5,31
20220705,123000,1435.5000000,1436.5,1435.5,1435.5,39
20220705,124000,1435.5000000,1436,1435.5,1436,38
20220705,125000,1436.0000000,1437,1436,1436,22
20220705,144000,1436.0000000,1437.5,1435.5,1435.5,138
20220705,145000,1435.0000000,1436,1435,1435,51
20220705,150000,1434.5000000,1435,1434,1435,70
20220705,151000,1434.5000000,1435,1433,1433,47
20220705,152000,1433.0000000,1434,1433,1434,59
20220705,153000,1434.0000000,1435,1434,1435,45
20220705,154000,1435.0000000,1435,1434,1434,14
20220705,155000,1434.5000000,1435,1434.5,1435,29
20220705,160000,1435.0000000,1444,1435,1443.5,1166
20220705,161000,1443.5000000,1446,1441.5,1441.5,408
20220705,162000,1441.5000000,1443.5,1441.5,1443,124
20220705,163000,1443.0000000,1443,1441,1441,96
20220705,164000,1441.0000000,1442.5,1440.5,1442,124
20220705,165000,1442.0000000,1442.5,1439.5,1439.5,186
20220705,170000,1439.0000000,1439.5,1435.5,1436,397
20220705,171000,1435.5000000,1439,1435.5,1439,130
20220705,172000,1439.0000000,1439.5,1438,1439.5,42
20220705,211000,1436.0000000,1436,1433,1434.5,18
20220705,212000,1434.5000000,1434.5,1433.5,1433.5,4
20220705,213000,1433.5000000,1433.5,1433.5,1433.5,1
20220705,214000,1433.5000000,1433.5,1429.5,1430.5,95
20220705,215000,1431.5000000,1432,1430.5,1432,12
20220705,220000,1431.5000000,1431.5,1430,1430.5,18
20220705,221000,1431.0000000,1431,1430,1430.5,4
20220705,222000,1430.5000000,1431,1430.5,1431,5
20220705,224000,1431.0000000,1432,1431,1432,9
20220705,225000,1433.0000000,1433,1430.5,1430.5,10
20220705,230000,1431.0000000,1431,1430,1430.5,6
20220705,231000,1430.0000000,1430,1430,1430,5
20220705,232000,1429.5000000,1430,1429.5,1429.5,10
20220705,233000,1429.0000000,1429,1429,1429,6
20220706,085000,1436.5000000,1437.5,1434.5,1437,101
20220706,090000,1437.0000000,1439.5,1437,1438.5,115
20220706,091000,1438.0000000,1443,1437.5,1443,282
20220706,092000,1443.5000000,1444,1441,1441,257
20220706,093000,1441.5000000,1442.5,1439,1439.5,188
20220706,094000,1439.0000000,1441,1439,1439.5,110
20220706,095000,1439.5000000,1440,1438,1440,121
20220706,100000,1440.0000000,1440.5,1437,1437.5,160
20220706,101000,1437.5000000,1438.5,1435.5,1435.5,133
20220706,102000,1435.5000000,1435.5,1434,1434,121
20220706,103000,1434.5000000,1435.5,1434.5,1435,66
20220706,104000,1435.0000000,1435.5,1434,1434,80
20220706,105000,1433.5000000,1434,1433,1433.5,82
20220706,110000,1433.5000000,1434,1431.5,1432,76
20220706,111000,1432.0000000,1433,1432,1432.5,34
20220706,112000,1433.0000000,1433.5,1431.5,1431.5,83
20220706,113000,1431.5000000,1431.5,1428.5,1429,259
20220706,114000,1429.0000000,1429,1428.5,1429,42
20220706,115000,1429.0000000,1429,1427.5,1427.5,94
20220706,120000,1428.0000000,1428,1425.5,1425.5,224
20220706,121000,1426.0000000,1426,1424.5,1424.5,189
20220706,122000,1424.5000000,1425,1423.5,1423.5,176
20220706,123000,1423.0000000,1423,1422,1423,171
20220706,124000,1422.5000000,1422.5,1420,1420,268
20220706,125000,1420.0000000,1421,1420,1420,90
20220706,144000,1420.0000000,1421.5,1417.5,1417.5,522
20220706,145000,1417.0000000,1420,1416,1420,289
20220706,150000,1419.0000000,1419.5,1417,1417.5,244
20220706,151000,1417.5000000,1419.5,1417,1419,251
20220706,152000,1419.0000000,1422,1418.5,1422,269
20220706,153000,1421.5000000,1422,1419.5,1419.5,282
20220706,154000,1420.0000000,1420.5,1418,1418.5,248
20220706,155000,1418.5000000,1419,1417.5,1418,215
20220706,160000,1418.5000000,1419,1417.5,1417.5,164
20220706,161000,1417.5000000,1418,1416,1417,293
20220706,162000,1416.5000000,1416.5,1415.5,1416,218
20220706,163000,1416.0000000,1416.5,1415.5,1416.5,187
20220706,164000,1416.5000000,1417,1415.5,1416.5,214
20220706,165000,1416.5000000,1420,1415,1419,333
20220706,170000,1419.0000000,1420,1418,1418.5,297
20220706,171000,1418.5000000,1419.5,1418.5,1419.5,124
20220706,172000,1419.5000000,1419.5,1419,1419,52
20220706,211000,1421.5000000,1421.5,1421.5,1421.5,3
20220706,212000,1421.0000000,1421.5,1420,1420,14
20220706,214000,1421.0000000,1422,1420.5,1420.5,5
20220706,215000,1421.0000000,1421,1420,1420,19
20220706,220000,1419.5000000,1419.5,1418.5,1418.5,4
20220706,222000,1418.5000000,1418.5,1418.5,1418.5,1
20220706,230000,1418.5000000,1419.5,1418.5,1419.5,4
20220706,231000,1418.5000000,1418.5,1418.5,1418.5,2
20220706,232000,1418.0000000,1418,1417.5,1417.5,5
20220706,233000,1418.0000000,1419.5,1418,1419.5,7
20220707,085000,1419.5000000,1424,1419,1422.5,77
20220707,090000,1422.0000000,1423,1421.5,1422.5,60
20220707,091000,1422.5000000,1427.5,1422,1423,753
20220707,092000,1423.0000000,1423.5,1420,1422,418
20220707,093000,1422.5000000,1425,1422.5,1423.5,294
20220707,094000,1423.5000000,1423.5,1421.5,1422,263
20220707,095000,1422.0000000,1423,1421,1421.5,128
20220707,100000,1422.0000000,1422,1420.5,1422,121
20220707,101000,1422.0000000,1424,1422,1423,209
20220707,102000,1423.0000000,1424.5,1422.5,1423.5,148
20220707,103000,1423.5000000,1425.5,1423.5,1425,191
20220707,104000,1425.0000000,1427.5,1425,1426.5,222
20220707,105000,1426.5000000,1428,1426,1426.5,203
20220707,110000,1427.0000000,1427,1424.5,1424.5,99
20220707,111000,1424.5000000,1426,1424,1425.5,94
20220707,112000,1425.0000000,1425.5,1421,1421.5,310
20220707,113000,1422.0000000,1422,1419,1420.5,239
20220707,114000,1421.0000000,1422,1420,1420,96
20220707,115000,1420.0000000,1422.5,1420,1422.5,76
20220707,120000,1422.5000000,1423,1422,1423,64
20220707,121000,1423.5000000,1424,1423,1424,57
20220707,122000,1423.5000000,1424,1422.5,1423,59
20220707,123000,1423.0000000,1423,1421,1421,50
20220707,124000,1421.5000000,1423.5,1420.5,1422,101
20220707,125000,1422.0000000,1422,1421,1421,43
20220707,144000,1423.5000000,1424,1422,1422.5,192
20220707,145000,1422.0000000,1425,1422,1423.5,155
20220707,150000,1424.0000000,1424.5,1422.5,1423.5,50
20220707,151000,1424.0000000,1425,1423,1424,124
20220707,152000,1423.5000000,1424.5,1422.5,1423.5,59
20220707,153000,1423.5000000,1424,1422,1423.5,104
20220707,154000,1423.5000000,1425.5,1423,1423,131
20220707,155000,1423.5000000,1425.5,1423.5,1425,91
20220707,160000,1425.0000000,1425,1424,1424,74
20220707,161000,1424.0000000,1425,1424,1425,57
20220707,162000,1425.0000000,1425.5,1424,1424.5,85
20220707,163000,1424.5000000,1425.5,1424,1425,47
20220707,164000,1424.0000000,1424.5,1422.5,1424.5,109
20220707,165000,1424.5000000,1424.5,1419,1420.5,375
20220707,170000,1420.0000000,1420.5,1419,1420,146
20220707,171000,1420.5000000,1421.5,1420,1420,172
20220707,172000,1420.0000000,1420.5,1419.5,1420.5,57
20220707,211000,1421.5000000,1421.5,1421,1421,3
20220707,212000,1421.0000000,1421.5,1421,1421.5,2
20220707,214000,1423.0000000,1423.5,1422.5,1423,12
20220707,215000,1423.5000000,1426,1423.5,1425,20
20220707,220000,1425.0000000,1426,1424.5,1424.5,11
20220707,221000,1425.0000000,1426,1424.5,1424.5,11
20220707,222000,1424.0000000,1425,1424,1425,13
20220707,223000,1425.0000000,1425,1423.5,1423.5,2
20220707,224000,1425.0000000,1425,1424.5,1424.5,5
20220707,225000,1425.5000000,1425.5,1425.5,1425.5,11
20220707,230000,1425.5000000,1426,1425.5,1426,12
20220707,232000,1426.0000000,1426.5,1425.5,1425.5,7
20220707,233000,1425.5000000,1425.5,1425,1425.5,4
20220708,085000,1424.0000000,1426,1422,1423,112
20220708,090000,1423.0000000,1425.5,1422,1425.5,99
20220708,091000,1425.0000000,1425.5,1421,1422.5,296
20220708,092000,1423.0000000,1425.5,1421.5,1425,308
20220708,093000,1425.0000000,1425,1423.5,1424,160
20220708,094000,1424.0000000,1424,1422,1424,171
20220708,095000,1423.5000000,1424,1423,1424,93
20220708,100000,1424.0000000,1425.5,1423.5,1425,124
20220708,101000,1425.0000000,1425.5,1423.5,1424,164
20220708,102000,1424.0000000,1425,1423.5,1424.5,106
20220708,103000,1424.5000000,1424.5,1423.5,1424,98
20220708,104000,1424.0000000,1424.5,1423.5,1424.5,97
20220708,105000,1424.0000000,1425,1423.5,1424,153
20220708,110000,1424.0000000,1424.5,1423,1423.5,111
20220708,111000,1423.0000000,1424,1423,1424,87
20220708,112000,1423.5000000,1424,1422,1423,198
20220708,113000,1423.0000000,1423.5,1422.5,1423,90
20220708,114000,1423.5000000,1423.5,1423,1423.5,98
20220708,115000,1423.5000000,1423.5,1422.5,1423,74
20220708,120000,1423.0000000,1423,1422,1423,102
20220708,121000,1423.0000000,1424,1422,1422.5,86
20220708,122000,1422.5000000,1422.5,1421.5,1422,95
20220708,123000,1422.5000000,1422.5,1419.5,1420,118
20220708,124000,1420.5000000,1420.5,1418.5,1420,98
20220708,125000,1420.0000000,1420,1418.5,1418.5,45
20220708,144000,1418.5000000,1420.5,1417.5,1418.5,283
20220708,145000,1418.5000000,1419.5,1417.5,1419,139
20220708,150000,1419.0000000,1421.5,1419,1421.5,113
20220708,151000,1421.0000000,1421,1419.5,1420.5,144
20220708,152000,1420.5000000,1421,1420,1420,125
20220708,153000,1420.0000000,1423.5,1420,1423,254
20220708,154000,1423.0000000,1423,1421.5,1422,120
20220708,155000,1422.0000000,1422,1419.5,1420.5,308
20220708,160000,1420.5000000,1420.5,1418,1419,247
20220708,161000,1418.5000000,1419.5,1418,1419,271
20220708,162000,1419.0000000,1419.5,1418,1418.5,265
20220708,163000,1419.0000000,1419.5,1417.5,1418,237
20220708,164000,1418.0000000,1418.5,1415.5,1415.5,358
20220708,165000,1416.0000000,1425,1414.5,1423,742
20220708,170000,1423.0000000,1423,1419,1420,246
20220708,171000,1420.5000000,1422,1420,1421.5,71
20220708,172000,1421.5000000,1422,1421,1421.5,69
20220712,085000,1421.0000000,1421.5,1419,1419,69
20220712,090000,1419.0000000,1421.5,1417,1421.5,134
20220712,091000,1421.5000000,1423,1419,1420.5,354
20220712,092000,1420.5000000,1423,1420.5,1422,224
20220712,093000,1422.5000000,1423,1419,1420.5,202
20220712,094000,1420.5000000,1421.5,1417.5,1417.5,205
20220712,095000,1417.5000000,1419,1417.5,1418.5,182
20220712,100000,1419.0000000,1420,1418.5,1419.5,100
20220712,101000,1419.5000000,1423.5,1419.5,1422.5,204
20220712,102000,1423.0000000,1423,1421.5,1422,92
20220712,103000,1422.0000000,1422.5,1421,1421.5,76
20220712,104000,1421.0000000,1422,1421,1421.5,53
20220712,105000,1421.5000000,1421.5,1420.5,1421,68
20220712,110000,1421.0000000,1422.5,1421,1422,60
20220712,111000,1422.5000000,1422.5,1421,1421.5,62
20220712,112000,1422.0000000,1423.5,1421.5,1422.5,96
20220712,113000,1423.0000000,1424,1422.5,1423.5,87
20220712,114000,1423.5000000,1423.5,1420,1420.5,113
20220712,115000,1420.5000000,1421.5,1420,1421,56
20220712,120000,1421.5000000,1422.5,1421,1422,55
20220712,121000,1422.5000000,1422.5,1421,1421,97
20220712,122000,1421.0000000,1421.5,1420.5,1421,55
20220712,123000,1420.5000000,1421,1420,1421,59
20220712,124000,1421.0000000,1421,1420,1420.5,94
20220712,125000,1420.5000000,1420.5,1420,1420,56
20220712,144000,1420.0000000,1421.5,1420,1420.5,171
20220712,145000,1421.0000000,1421,1419.5,1420,89
20220712,150000,1420.0000000,1421,1420,1420.5,71
20220712,151000,1421.0000000,1421.5,1420,1421,142
20220712,152000,1420.5000000,1421,1420,1420,72
20220712,153000,1419.5000000,1420,1418.5,1420,117
20220712,154000,1419.5000000,1420.5,1419.5,1420,99
20220712,155000,1420.5000000,1421.5,1420,1421,151
20220712,160000,1420.5000000,1421.5,1420.5,1420.5,360
20220712,161000,1420.5000000,1422,1420,1421,404
20220712,162000,1421.0000000,1422.5,1420.5,1422.5,269
20220712,163000,1422.5000000,1424,1422,1424,256
20220712,164000,1424.0000000,1425.5,1423,1425.5,444
20220712,165000,1425.5000000,1432,1425,1427.5,795
20220712,170000,1427.5000000,1428.5,1427,1428.5,194
20220712,171000,1428.5000000,1430,1428.5,1429,175
20220712,172000,1428.5000000,1430.5,1428.5,1430,76
20220712,211000,1429.5000000,1429.5,1429.5,1429.5,1
20220712,212000,1429.5000000,1430.5,1428.5,1430.5,24
20220712,213000,1431.0000000,1432,1431,1432,10
20220712,214000,1430.0000000,1430.5,1428.5,1429.5,46
20220712,215000,1429.5000000,1429.5,1428,1428.5,31
20220712,220000,1428.0000000,1428.5,1427.5,1428.5,28
20220712,221000,1428.0000000,1428,1427,1427,44
20220712,222000,1427.5000000,1428,1427.5,1428,5
20220712,223000,1427.5000000,1428,1427.5,1428,3
20220712,225000,1428.5000000,1429,1428.5,1428.5,13
20220712,230000,1429.0000000,1429.5,1429,1429.5,21
20220712,231000,1429.5000000,1429.5,1429.5,1429.5,1
20220712,232000,1429.5000000,1430,1429.5,1429.5,4
20220712,233000,1430.0000000,1431,1428.5,1428.5,16
20220713,085000,1427.0000000,1427.5,1425.5,1425.5,131
20220713,090000,1425.5000000,1425.5,1423.5,1423.5,104
20220713,091000,1423.5000000,1424,1416.5,1418,731
20220713,092000,1418.0000000,1418,1414.5,1415,320
20220713,093000,1415.0000000,1416,1413,1414,382
20220713,094000,1414.0000000,1414,1409.5,1410,416
20220713,095000,1409.5000000,1411.5,1409.5,1411.5,193
20220713,100000,1411.5000000,1413,1411,1413,264
20220713,101000,1412.5000000,1413.5,1412,1413.5,190
20220713,102000,1413.5000000,1415,1413,1415,142
20220713,103000,1415.0000000,1416.5,1415,1416,119
20220713,104000,1416.5000000,1417.5,1416,1417,70
20220713,105000,1416.5000000,1416.5,1415.5,1415.5,68
20220713,110000,1415.5000000,1416,1415,1415,62
20220713,111000,1415.0000000,1415,1413,1414,190
20220713,112000,1414.0000000,1415.5,1414,1414.5,147
20220713,113000,1414.5000000,1415.5,1414,1414,143
20220713,114000,1414.0000000,1414,1413,1413.5,137
20220713,115000,1413.5000000,1414,1413,1413.5,77
20220713,120000,1413.5000000,1414.5,1413,1414,50
20220713,121000,1414.5000000,1415,1414,1414,59
20220713,122000,1414.0000000,1414.5,1414,1414.5,58
20220713,123000,1415.0000000,1416,1415,1416,86
20220713,124000,1416.0000000,1416.5,1415.5,1416,76
20220713,125000,1416.5000000,1416.5,1416,1416,88
20220713,144000,1416.0000000,1416,1413,1413,250
20220713,145000,1413.0000000,1414,1413,1413.5,95
20220713,150000,1413.5000000,1413.5,1412,1412,189
20220713,151000,1412.0000000,1412.5,1411.5,1411.5,121
20220713,152000,1411.5000000,1413,1411.5,1411.5,157
20220713,153000,1411.5000000,1412,1411,1411.5,90
20220713,154000,1411.5000000,1411.5,1410.5,1410.5,97
20220713,155000,1411.0000000,1411.5,1411,1411,98
20220713,160000,1411.0000000,1411,1410,1410.5,146
20220713,161000,1411.0000000,1411,1410,1410,86
20220713,162000,1410.0000000,1411,1409.5,1410.5,166
20220713,163000,1410.0000000,1411.5,1410,1410,107
20220713,164000,1410.0000000,1411,1410,1411,116
20220713,165000,1411.5000000,1415,1411,1414,652
20220713,170000,1414.0000000,1416,1413,1416,829
20220713,171000,1416.0000000,1416,1413.5,1414,156
20220713,172000,1413.5000000,1414.5,1413.5,1414,53
